1,7
8,106
107,236
237,495
496,879
880,922
923,1009
1010,1103
1104,1254
1255,1310
1311,1410
1411,1519
1520,1621
1622,1707
1708,1863
1864,1953
1954,2067
2068,2230
2231,2507
2508,2585
2586,2824
2825,3038
3039,3286
3287,3362
3363,3864
3865,3958
3959,4058
4059,4362
4363,4610
4611,4760
4761,4846
4847,4940
4941,5021
5022,5214
5215,5385
5386,5506
5507,5537
5538,5710
5711,6173
6174,6244
6245,6370
6371,6460
6461,6613
6614,6688
6689,6842
6843,6897
6898,7200
7201,7259
7260,7764
7765,7900
7901,8120
8121,8171
8172,8315
8316,8431
8432,8536
8537,8617
8618,8795
8796,8925
8926,9278
9279,9535
