1,114
115,190
191,284
285,390
391,479
480,662
663,828
829,861
862,877
878,975
976,1109
1110,1416
1417,1490
1491,1588
1589,1642
1643,1845
1846,1944
1945,2048
2049,2118
2119,2189
2190,2310
2311,2525
2526,2676
2677,2795
2796,2861
2862,3118
3119,3301
3302,3446
3447,3567
3568,3659
3660,3819
3820,4012
4013,4118
4119,4203
4204,4303
4304,4424
4425,4577
4578,4632
4633,4781
4782,4864
4865,4975
4976,5135
5136,5269
5270,5360
5361,5465
5466,5532
5533,5644
5645,5822
5823,5945
5946,6088
6089,6193
6194,6301
6302,6383
6384,6446
6447,6530
6531,6663
6664,6776
6777,6899
6900,7068
7069,7200
7201,7305
7306,7431
7432,7640
7641,7803
7804,7947
7948,8046
8047,8179
8180,8263
8264,8348
8349,8476
8477,8643
8644,8795
8796,9004
9005,9170
9171,9312
9313,9545
9546,9764
9765,9941
9942,10009
10010,10037
10038,10600
10601,10627
10628,10747
10748,10910
10911,10917
