1,4
5,59
60,134
135,297
299,356
358,368
369,398
400,713
714,784
785,903
904,994
995,1130
1131,1164
1165,1210
1211,1460
1461,1528
1529,1595
1596,1665
1666,1691
1692,1724
1725,1782
1783,1824
1825,1848
1849,1874
1875,1920
1921,1942
1943,1956
1957,1981
1982,2010
2011,2042
2043,2094
2095,2131
2132,2156
2157,2182
2183,2207
2208,2234
2235,2266
2267,2325
2326,2369
2370,2419
2420,2501
2502,2532
2533,2620
2621,2656
2657,2706
2707,2749
2750,2773
2774,2800
2801,2868
2869,2924
2925,2968
2969,3012
3013,3041
3042,3078
3079,3124
3125,3162
3163,3251
3252,3295
3296,3331
3332,3365
3366,3396
3397,3430
3431,3455
3456,3508
3509,3536
3537,3566
3567,3619
3620,3650
3651,3667
3668,3780
3781,3814
3815,3859
3860,3883
3884,3937
3938,3986
3987,4047
4048,4125
4126,4270
4271,4286
4287,4334
4335,4375
4376,4405
4406,4421
4422,4461
4462,4518
4519,4547
4548,4587
4588,4612
4613,4639
4640,4661
4662,4721
4722,4749
4750,4776
4777,4803
4804,4819
4820,4867
4868,4978
4979,5120
5121,5289
5290,5394
5395,5412
