1,487
488,595
596,643
644,835
836,889
890,1069
1070,1099
1100,1147
1148,2635
2636,2689
2690,2773
2774,2815
2816,2851
2852,2899
2900,3067
3068,3127
3128,3763
3764,3811
3812,3919
3920,3961
3962,4159
4160,4219
4220,4375
4376,4489
4490,4597
4598,4645
4646,4759
4760,4801
4802,5179
5180,5233
5234,5269
5270,5365
5366,5419
5420,5581
5582,5791
5792,5827
5828,5905
5906,5983
5984,6085
6086,6157
6158,6283
6284,6367
6368,6439
6440,6493
6494,6565
6566,6631
6632,6703
6704,6733
6734,6805
6806,6859
6860,6967
6968,7021
7022,7123
7124,7357
7358,7477
7478,7603
7604,7675
7676,7789
7790,7819
7820,7891
7892,7927
7928,7981
7982,8155
8156,8317
8318,8683
8684,8725
8726,9133
9134,9199
9200,9259
9260,9421
9422,9475
9476,9631
9632,9721
9722,9870
