1,50
51,57
58,113
114,145
146,204
205,262
263,268
269,504
505,691
692,698
699,733
734,787
788,823
824,857
858,923
924,996
997,1079
1080,1108
1109,1134
1135,1160
1161,1225
1226,1322
1323,1585
1586,1629
1630,1648
1649,1686
1688,1947
1948,1984
1985,2088
2089,2131
2132,2191
2192,2500
2501,2532
2533,2554
2555,2576
2577,2612
2613,2626
2627,2679
2680,2730
2731,2792
2793,2828
2829,2908
2909,2964
2965,3026
3027,3140
3141,3184
3185,3321
3322,3419
3420,3486
3487,3527
3528,3650
3651,3686
3687,3745
3746,3798
3799,3802
