1,90
91,481
482,1266
1267,1492
1493,1585
1586,1801
1802,1947
1948,2058
2059,3161
3162,3797
3798,4083
4084,4486
4487,4654
4655,4993
4994,5066
5067,5127
5128,5179
5180,5224
5225,5381
5382,5428
5429,5500
5501,5547
5548,5592
5593,5725
5726,6045
6046,6212
6213,6463
6464,6485
6486,6536
6537,6603
6604,6868
6869,6928
6929,7014
7015,7081
7082,7156
7157,7219
7220,7302
7303,7504
7505,7580
7581,7655
7656,7723
7724,7755
7756,7781
7782,7811
7812,7837
7838,7870
7871,7887
7888,7907
7908,7944
7945,7989
7990,8018
8019,8053
8054,8091
8092,8133
8134,8193
8194,8213
8214,8251
8252,8378
8379,8752
8753,8797
8798,9149
9150,9371
9372,9400
9401,9486
9487,9532
9533,9553
9554,9601
9602,9722
9723,9774
9775,9854
9855,9925
9926,9976
9977,10048
10049,10111
10112,10163
10164,10286
10287,10584
10585,10685
10686,10772
10773,10848
10849,10896
10897,11277
11278,11389
11390,11419
11420,11506
11507,11543
11544,11561
11562,11631
11632,11721
11722,11827
11828,11892
11893,11920
11921,11958
11959,12026
12027,12099
12100,12174
12175,12200
12201,12288
12289,12858
12859,12990
12991,13074
13075,13248
13249,13422
13423,13494
13495,13580
13581,13658
13659,13725
13726,13792
13793,13864
13865,13937
13938,14030
14031,14116
14117,14226
14227,14330
14331,14493
14494,14575
14576,14749
14750,14802
14803,14869
14870,14993
14994,15116
15117,15186
15187,15274
15275,15426
15427,15523
15524,15568
15569,15630
15631,15689
15690,15726
15727,15745
15746,15767
15768,15782
15783,15828
15829,15882
15883,15916
15917,15938
15939,16004
16005,16094
16095,16150
16151,16286
16287,16486
16487,16624
16625,16706
16707,16769
16770,16950
16951,17331
17332,17606
17607,17709
17710,17819
17820,18165
18166,18231
18232,18318
18319,18400
18401,18478
18479,18737
18738,19082
19083,19406
